906805110
906805096
906805067
906805060
906805047
906805027
906805014
906804991
906804969
906804952
906804934
906804917
906804889
906804866
906804853
906804837
906804820
906804805
906804791
906804778
906804763
906804741
906804729
906804701
906804688
906804673
906804660
906804638
906804612
906804597
906804578
906804555
906804533
906804521
906804504
906804475
906804468
906804457
906804450
906804442
906804434
906804413
906804398
906804370
906804352
906804325
906804301
906804273
906804262
906804243
906804208
906804191
906804174
906804146
906804108
906804097
906804075
906804052
906804038
906804008
906803983
906803964
906803946
906803940
906803925
906803909
906803885
906803877
906803866
906803853
906803828
906803809
906803802
906803786
906803746
906803740
906803735
906803727
906803711
906803691
906803671
906803670
906803669
906803668
