906530651
906530518
906530336
906530296
906530169
906530032
906530003
906529816
906529516
906529390
906529274
906528839
906528772
906528421
906526891
906526655
906525525
906362412
906362365
906362281
906362252
906362219
906362180
906362020
906361931
906361649
906361533
906361486
906361420
906361308
906361245
906360988
906360975
906360927
906360871
906360852
906360751
906360642
906360406
906360246
906360145
906359975
906359647
906359223
906359076
906358868
906358740
906358221
906138796
905778533
905778183
905778123
905778071
905778036
905777984
905777927
905777885
905777805
905777772
905777727
905777674
905777638
905777604
905777520
905777445
905777388
905777341
905777291
905777235
905777178
906530404
906529887
906529612
906529452
906529180
906528898
906528617
906528552
906528498
906528296
906528034
906527312
906527140
906526756
906525802
906361891
906361757
906361725
906361589
906361365
906361092
906361059
906360812
906359955
906359614
906359336
906359181
906358990
905777093
905777044
905776990
905776941
905776893
905776743
905776664
905776565
905776517
905776200
905776148
905775907
905775648
905775580
905775551
905775417
905775295
905775229
905774864
905773549
905736594
905724464
905724406
905724379
905724118
905723984
905723768
905723724
905723447
905723043
905722201
905715315
905715199
905715075
905715033
905714931
905714709
905714664
905714317
905714284
905714030
905713900
906530101
906529961
906529238
906528804
906528221
906527786
906527701
906527595
906527042
906526583
906526126
906526031
906525700
906523525
906362342
906362324
906362152
906362125
906362083
906361983
906361818
906361798
906361399
906361169
906360611
906360571
906360534
906360485
906360391
906360358
906360304
906360198
906360107
906360035
906359932
906359857
906359808
906359783
906359700
906359583
906359552
906359506
906359442
906359403
906359315
906359264
906359138
906358955
906358821
906358610
906358577
906358537
906358479
906358477
906358475
906358474
906530443
906529113
906529051
906528934
906528871
906528723
906526469
906356897
905780609
905780337
905780318
905777012
905776391
905776333
905776052
905775864
905775736
905775359
905774951
905774808
905774639
905736566
905727375
905724653
905724527
905724348
905724264
905724150
905724091
905724068
905724030
905724002
905723903
905723865
905723824
905723379
905723282
905723003
905722913
905717305
905715106
905714804
905714470
905713973
905713335
901467904
901467813
901467606
901467559
901467533
901467355
901467151
901466903
901466554
901135038
901135021
901135007
901134994
901134980
901134959
901134944
901134931
901134923
901134913
901134901
901134883
901134869
901134859
901134847
901134835
906529708
906528591
906528143
906527921
906527446
906526399
906526292
905776850
905776785
905776623
905776457
905776289
905775993
905775789
905774731
905737687
905737608
905737581
905724609
905724545
905723840
905718515
905718426
905715282
905714895
905714771
905714215
905714175
905714052
901467978
901467761
901467454
901467124
901134722
901134598
901134561
901134550
901134547
901134544
901134387
901134261
906530576
906530223
906525417
906525357
906525290
906525126
906525047
906524977
906524856
906524767
906524610
906524538
906524414
906524355
906524223
906524122
906524054
906523950
906523853
906523740
906523656
906523528
906523527
906523526
906614159
906613977
906613958
906613461
906613248
906613093
906612932
906612823
906612681
906612610
906612574
906612557
906611680
906611655
906611556
906611479
906611385
906611247
906611220
906611205
906610918
906610837
906610757
906610703
906610533
906610514
906609491
906609394
906609082
906608837
906608819
906608684
906608610
906608554
906608437
906608092
906606999
906606921
906606886
906606745