905737762
905773677
905774571
905775031
905780044
905780545
906133938
906134049
906134213
906358955
906359138
906359336
906359403
906359506
906359700
906359857
906359932
906360035
906360107
906360198
906360304
906360358
906360406
906360642
906360751
906360812
906360871
906360927
906360988
906361059
906361092
906361169
906361245
906361308
906361399
906361420
906361589
906361649
906361757
906361798
906361818
906361891
906361983
906362020
906362083
906362125
906362152
906362180
906362281
906362324
906362342
906362412
906523284
906524977
906525047
906525126
906525290
906525357
906525417
906525525
906525700
906525802
906526031
906526126
906526292
906526399
906526469
906526583
906526655
906526756
906526891
906527042
906527140
906527312
906527446
906527595
906527701
906527786
906527921
906528034
906528143
906528221
906528296
906528421
906528498
906528552
906528591
906528617
906528723
906528772
906528804
906528839
906528871
906528898
906528934
906529051
906529113
906529180
906529238
906529274
906529390
906529452
906529516
906529612
906529708
906529816
906529887
906529961
906530003
906530032
906530101
906530169
906530223
906530296
906530336
906530404
906530443
906530518
906530576
906530651
